Sub:5450-5670=-220
div:9585/1978=4.845803842264914
div:3639/1600=2.274375
add:6589+1340=7929
div:8130/9281=0.8759831914664368
div:4015/718=5.591922005571031